python top.py sim
0
0
0
0
0
0
0
0
0
0
0
0
0
0
0
0
0
0
0
0
0
0
0
0
0
0
0
0
~~~~~~~~~~~~~~~~~~~~~~~~~~~~~~~~~~~~~~~~~~~~~~~~~~~~~~~~~~~~~~~~~~~~~~~~~~~~~~~~~~~~~~~~~~~~~~~~~~~~~~~~~~~~~~~~~~~~~~~~~~~~~~~~~~~~~~~~~~~~~~~~~~~~
0
0
0
0
0
0
0
0
0
0
0
0
0
0
0
0
0
0
0
0
0
0
0
0
0
0
0
0
0
0
0
0
0
0
0
0
0
0
0
0
0
0
0
0
0
0
0
0
0
0
0
0
0
0
0
0
0
0
0
0
0
0
0
0
0
0
0
0
0
0
0
0
0
0
0
0
0
0
0
0
0
0
0
0
0
0
0
0
0
0
0
0
0
0
0
0
0
0
0
0
0
0
0
0
0
0
0
0
0
0
0
0
0
0
0
0
0
0
0
0
0
0
0
0
0
0
0
0
0
0
0
0
0
0
0
0
0
0
0
0
0
0
0
0
0
0
0
0
0
0
0
0
0
0
0
0
0
0
0
0
0
0
0
0
0
0
0
0
0
0
0
0
0
0
0
0
0
0
0
0
0
0
0
0
0
0
0
0
0
0
0
0
0
0
0
0
0
0
0
0
0
0
0
0
0
0
0
0
0
0
0
0
0
0
0
0
0
0
0
0
0
0
0
0
0
0
0
0
0
0
0
0
0
0
0
0
0
0
0
0
0
0
0
0
0
0
0
0
0
0
0
0
0
0
0
0
0
0
0
0
0
0
0
0
0
0
0
0
0
0
0
0
0
0
0
0
0
0
0
0
0
0
0
0
0
0
0
0
0
0
0
0
0
0
0
0
0
0
0
0
0
0
0
0
0
0
0
0
0
0
0
0
0
0
0
0
0
0
0
0
0
0

~~~~~~~~~~~~~~~~~~~~~~~~~~~~~~~~~~~~~~~~~~~~~~~~~~~~~~~~~~~~~~~~~~~~~~~~~~~~~~~~~~~~~~~~~~~~~~~~~~~~~~~~~~~~~~~~~~~~~~~~~~~~~~~~~~~~~~~~~~~~~~~~~~~~
*** TRAP ***
  mcause: M_EBREAK/3
  mcycle: 7
minstret: 7

cpi=1.0
----------------------------------------------------------------------------------------------------------------------------------------------------
 pc: 0x0000001c   insn: 0x00100073
 x0: 0x00000000     x1: 0x00000000     x2: 0x00000000     x3: 0x00000000     x4: 0x00000000     x5: 0x12345678     x6: 0x90abcdef     x7: 0x00000000    
 x8: 0x00000000     x9: 0x00000000    x10: 0x30000000    x11: 0x00000000    x12: 0x00000000    x13: 0x00000000    x14: 0x00000000    x15: 0x00000000    
x16: 0x00000000    x17: 0x00000000    x18: 0x00000000    x19: 0x00000000    x20: 0x00000000    x21: 0x00000000    x22: 0x00000000    x23: 0x00000000    
x24: 0x00000000    x25: 0x00000000    x26: 0x00000000    x27: 0x00000000    x28: 0x00000000    x29: 0x00000000    x30: 0x00000000    x31: 0x00000000    
